,0,1,2,3,4,5,6,7,8,9,10,11,12,13,14,15,16,17,18,19,20,21,22,23,24,25,26,27,28,29,30,31,32,33,34,35,36,37,38,39,40,41,42,43,44,45,46,47,48,49,50,51,52,53,54,55,56,57,58,59,60,61,62,63,64,65,66,67,68,69,70,71,72,73,74,75,76,77,78,79,80,81,82,83,84,85,86,87,88,89,90,91,92,93,94,95,96,97,98,99
0,0.9999999999999999,0.2411447789595726,0.2931867765750802,0.21804970686593173,0.23028309323591914,0.3113995776646092,0.2882002820287955,0.20848774285718666,0.27036926396612565,0.24389804236576246,0.17737188975353665,0.2071253709843719,0.2159810099240131,0.22416210523235894,0.24252421240074631,0.23327779761117737,0.2633914755170892,0.23327779761117737,0.2251041347490535,0.2860387767736777,0.6365833547168183,0.20434975756827328,0.31348821264744436,0.2562658812544349,0.3534735684515468,0.1825652717327707,0.20767373263839672,0.2472887652535816,0.22795883518008048,0.21713159875924243,0.22795883518008048,0.13993450054035111,0.27946229361707997,0.2805515453856217,0.17634956487103534,0.18901237480900818,0.24897742994074298,0.24897742994074298,0.2625305806271167,0.25652527469819686,0.16285576810646135,0.15091165336763498,0.2974118940501395,0.29259601294087617,0.24232015747572203,0.2204021459835524,0.16615538665138993,0.2701628100899269,0.20981350288658016,0.3068175184166851,0.3037713881804148,0.25765174793239237,0.2462236834521995,0.19218788228572692,0.28467425521622053,0.1649572197684645,0.20616243982321483,0.17728105208558367,0.11996888710433783,0.2245260644953278,0.25186925082845246,0.16598438369402657,0.32925197086009556,0.27622904516613467,0.29095718698132317,0.2579686633172983,0.3128239008229031,0.2858538969054731,0.3158177304574169,0.22129310248159864,0.20990175081052664,0.2216381135517367,0.2630170737990203,0.21164107056789902,0.21549249296001216,0.27556647769493176,0.2711298476120091,0.34634690053720857,0.22529255825092942,0.22394636787385183,0.24939338843895237,0.22254605016040768,0.12845678616916514,0.24133680088993978,0.18241139116529104,0.24052284646041733,0.26392332557616305,0.2110910954410161,0.2659844330690098,0.29193955586100917,0.304992046741721,0.05884898863364997,0.27530923081031283,0.10129829018634484,0.27594632400795827,0.22488206823061663,0.12861054877843872,0.3498295110448299,0.3498295110448299,0.19536306262986544
1,0.2411447789595726,0.9999999999999999,0.27528991780346834,0.20806226568073893,0.2409452930360464,0.313197811276502,0.2715020870840845,0.2924015101669225,0.21614993274808533,0.2847613638182853,0.1580864398279626,0.2151891944343583,0.2005183676557269,0.23560047970400733,0.2656903024091949,0.24309644556699705,0.21845090460054803,0.243096445566997,0.3297371653647175,0.22762330007655168,0.23252801177537383,0.27852485227078805,0.2835820895522388,0.2311214505445281,0.24697139968920417,0.23305555497966385,0.2675672742277934,0.3023798742653311,0.21548664505181803,0.20158658284355405,0.21548664505181803,0.1830637725437948,0.20179822532646766,0.2865127435888429,0.18337114973598864,0.1942819680535535,0.2394079341445695,0.2394079341445695,0.23487223047953548,0.2511505064984398,0.16494163644976095,0.18468715326584206,0.27238805970149255,0.28158665589143145,0.26409736227827446,0.21568368487376197,0.24918905364217564,0.2776948466585157,0.2665580326689176,0.2451887656741939,0.2511169080180331,0.300020820282633,0.27431506742959905,0.16291311696233143,0.2897677749515798,0.1670700036551785,0.18076924927512322,0.2543648807074464,0.11138000243678564,0.22490836950858906,0.29229659506037525,0.23363719700436936,0.2603940450088773,0.27812518140707976,0.3038926558320499,0.25233037371813094,0.2004362419888269,0.2653888729184107,0.31087062116558817,0.23832217828078528,0.20668490448492963,0.20577046452058326,0.2539544772719288,0.2720618804026022,0.29464092393158087,0.28906366548299356,0.2685002203852811,0.2495619896123929,0.2167692154010215,0.16381060871854203,0.22589138252389904,0.2663017150218153,0.1722647777218169,0.31297112222912027,0.2298349727968202,0.3190045575443351,0.2762137969161919,0.2807260094073224,0.24275645948064528,0.2532658047879957,0.2063685683333249,0.08195375470622296,0.27994190088580934,0.1645806437003396,0.262516302982042,0.22369518862120474,0.15671641791044777,0.2841862681355226,0.2841862681355226,0.1872273680885312
2,0.2931867765750802,0.27528991780346834,1.0,0.2330755389709091,0.281316490856574,0.34522146395880304,0.33270501480320297,0.27311549679956754,0.2601003988642675,0.29862582629448764,0.17473039117588285,0.2277240744968461,0.24730632983368098,0.260405408741612,0.2799755125460405,0.27479718292562294,0.2973081560842066,0.27479718292562294,0.2694900189482564,0.24809407802418737,0.22488327707576963,0.29446428492008087,0.3278733852490746,0.29865672649286096,0.33373815279750135,0.1844128443628369,0.27073055126142986,0.2599454635923318,0.19776940894066278,0.19031721441581434,0.19776940894066278,0.220286722511878,0.26287366566958376,0.3238751378156479,0.23886952539430065,0.21300497672111374,0.2258341288219736,0.2258341288219736,0.2314362828867532,0.27998564213008315,0.14812470513065062,0.2111707557199835,0.349525401256089,0.3158101459191266,0.32433617027367995,0.2246383296565921,0.24591485737525226,0.2636146689511835,0.26770967926598715,0.29890057336209125,0.2818255506969534,0.25542791607320375,0.279078152825719,0.19292704235657734,0.3801073602959703,0.1500360706990906,0.14103623609278537,0.2273970134135489,0.15580668880290174,0.22281936587684686,0.23538008888796808,0.1689518997785588,0.34099149641354054,0.3293649379144905,0.3995027341614004,0.26589726863219815,0.3051811986141708,0.3265588326118285,0.32212526399598806,0.252059621269104,0.18601989901003035,0.21748450289994609,0.33736993522463316,0.24223507199908428,0.30756953360707445,0.352548861065567,0.31299851384021443,0.3103164454170876,0.21121883661022833,0.1462385260185888,0.23406946901930178,0.2930702862281568,0.20321696346100318,0.2771306383272983,0.26573176993831593,0.29970200169716893,0.2991395188177153,0.25905613850969944,0.2983845595391517,0.2615141201853195,0.2983811975164304,0.0792593923901217,0.3077336614063164,0.12668615834434865,0.34608853443110926,0.20603890216897414,0.12991209604208617,0.33093363050508534,0.33093363050508534,0.1746051094567743
3,0.21804970686593173,0.20806226568073893,0.2330755389709091,1.0000000000000002,0.17388631671412774,0.23859511690096624,0.27870729290134044,0.26688005073290655,0.22592186482918136,0.18613663825060184,0.158828982381875,0.17939996053201301,0.19900338390524078,0.20120104424309146,0.20359698367421372,0.17984819226276033,0.17689189680465847,0.17984819226276033,0.18897297879591018,0.21598732512956942,0.1898164217289964,0.17641652087807425,0.21930887463645454,0.26123292384298347,0.2141408324963927,0.1756126743515086,0.1778982720646854,0.18565566109853687,0.2725565252503616,0.15190008635334834,0.2725565252503616,0.13349296110173675,0.1799888714245184,0.22243612372734362,0.14804393806534588,0.14167344441641133,0.17417867009752205,0.17417867009752205,0.19367795630440643,0.24145387644126518,0.11393001009467014,0.15356246163750753,0.17994574329144986,0.23964080798030132,0.16215090540427024,0.20836227454807785,0.17882822232191636,0.18899945662734335,0.16223110223488785,0.2282271664821325,0.20377787840885367,0.1894121185295698,0.250548676000943,0.10522178404761504,0.19675190397305653,0.11540013554278428,0.2083269131008681,0.22549380840084873,0.10490921412980388,0.19014109462868298,0.27688841557141636,0.20227130986049793,0.23886781727807999,0.25584317600821016,0.22667701417512565,0.1933593454957076,0.1726094609045738,0.19997656661906854,0.2502195623342668,0.25389065512453873,0.23138779924301037,0.18606328390755597,0.20608052639445065,0.20500482990319738,0.24668739333913242,0.20029063227819058,0.257116318965104,0.19528336647123581,0.2292498893332247,0.1424250329500352,0.23830002988781046,0.22142280160751898,0.12980543765599653,0.21439170577412747,0.14584075136619454,0.18428919235846022,0.2215613545413122,0.19955985721762343,0.2333839138529583,0.2142782409840821,0.15188706281096118,0.06175402271944637,0.21094260500202058,0.14173173425406238,0.1858956329497759,0.14983059989666514,0.10121948060144056,0.2243380149962209,0.2243380149962209,0.1763501133060864
4,0.23028309323591914,0.2409452930360464,0.281316490856574,0.17388631671412774,0.9999999999999998,0.3036294915135782,0.2612412984847814,0.2621888354023719,0.17438976669135683,0.2870685998875511,0.22764696565170325,0.23318763657649022,0.2268482178905401,0.23570226039551584,0.24983220348468677,0.21707238158772643,0.18978151562084403,0.21707238158772643,0.26187626177067636,0.2261881555622161,0.22469794928680747,0.27901229796992677,0.25451967574230255,0.20092759702695953,0.24615501138742724,0.17823927151329133,0.23619076301363792,0.24954570196879086,0.19248190755099534,0.18843246883357676,0.19248190755099534,0.19334729780913268,0.254697725819447,0.2961121060494589,0.21442250696755893,0.18809603121561158,0.26654085481313056,0.26654085481313056,0.19346033336266974,0.22054081933592673,0.16251269680042568,0.20851441405707474,0.2511260800657385,0.2681501492480611,0.2787416010681147,0.21125007409920987,0.20504923760875576,0.24848538934173756,0.23776805151739522,0.2328331936842657,0.2529822128134703,0.26180197290887786,0.2646053734488001,0.1411112522224339,0.2606430175713434,0.15194743527951726,0.10638078975070424,0.20866023734819664,0.13295400586957762,0.20953951903123735,0.21646887689114336,0.19892606769961677,0.25055305897061514,0.25952044046187517,0.29871957286871026,0.24115934780482387,0.2306570603961686,0.2451381953591027,0.2538159979185165,0.2130130514321656,0.17186426471922905,0.1871448713481153,0.2753842586259968,0.23827153966555986,0.2580462448093459,0.2628986750565369,0.228934273247815,0.24879683041748887,0.2109830066013673,0.14898306890404794,0.22085285590448933,0.25054867600094294,0.16872368941451032,0.2749384073770248,0.22003278732814985,0.26111648393354675,0.21474568192745586,0.26976754607417064,0.22458963266569093,0.18588931390473423,0.23133740372152478,0.11180339887498947,0.18541709584950053,0.11760838816825711,0.25601362891103496,0.2170102556723092,0.14253101841568944,0.2584627619567986,0.2584627619567986,0.1436739427831727
5,0.3113995776646092,0.313197811276502,0.34522146395880304,0.23859511690096624,0.3036294915135782,1.0,0.32301761668510953,0.3342843576149379,0.2604717058325541,0.3164572807746807,0.21872478497294673,0.25338795840348144,0.30675477844443455,0.24266762674364964,0.3489113503954588,0.2405359814687162,0.25562898203702866,0.2405359814687162,0.2998608112132647,0.27994168488950605,0.3529988188614802,0.32392631803145044,0.3269647480359087,0.24453333146838482,0.340143691746818,0.2540517824210857,0.3520529080725352,0.30990065402665173,0.23780405474997757,0.25825054502220973,0.23780405474997757,0.25600632316771854,0.28870012703108283,0.372387484580831,0.28391148071466027,0.24857152459691442,0.2931658578224885,0.2931658578224885,0.3310952433218815,0.31553335569519964,0.22820947833868915,0.2349691256167471,0.3200812796562053,0.30862182733283106,0.3428435759084857,0.29076334969684897,0.3009916723472626,0.2933233252493694,0.26478207296923295,0.2793721183078313,0.33140393997140616,0.31413120522628174,0.3143631992559614,0.16457986978408518,0.31720831958260864,0.2311542385588259,0.18635513067322493,0.28522709786150635,0.16694472784804087,0.2934687580141429,0.31582876990126246,0.2613551757841748,0.2993591442556666,0.34982513114072067,0.3454275408632796,0.32742190559571266,0.2754324794771727,0.26009006840652343,0.34539416322917227,0.2994164642466806,0.21243077879874517,0.251484391990064,0.3183312368190975,0.29741716508907673,0.2952587937096229,0.30953356293018913,0.3044160461393528,0.27445990288419403,0.2701006288377273,0.18596481166784176,0.29170227702839713,0.31762841930819025,0.2627869024814205,0.3182038642439795,0.2733636201935362,0.3481898494157623,0.30819604545096124,0.3126791168259517,0.27796327363328693,0.25410049467180934,0.2611795850027008,0.10079052613579395,0.3059276269749949,0.14096334387034368,0.3179924473341399,0.2842810683968217,0.17897017787228686,0.3370231074188656,0.3370231074188656,0.24825002780860947
6,0.2882002820287955,0.2715020870840845,0.33270501480320297,0.27870729290134044,0.2612412984847814,0.32301761668510953,0.9999999999999999,0.29097450697923155,0.27205330779864645,0.26410991638675624,0.1389223908043456,0.2317515859987636,0.24755426723250792,0.20703978121558042,0.28967592485336713,0.2656743647158531,0.27849855063657136,0.26567436471585304,0.26935876777982765,0.2578159755667964,0.25542471700901453,0.25114570139592085,0.2675672742277935,0.26522956760750804,0.3139535157798268,0.2569351310361048,0.3029045643153527,0.23619896450896186,0.24752612516354158,0.23029399039623782,0.24752612516354158,0.19927350892871626,0.23017386372983986,0.29298059561359036,0.18646426626205242,0.2114850412926261,0.28293246150179047,0.28293246150179047,0.2757189969448264,0.3013761468545027,0.14494656533297995,0.20818970934817443,0.3344590927847418,0.3074218221185172,0.24411601352094528,0.23910872303166752,0.26277729423408835,0.27866794710653014,0.2810934010034083,0.3231985889766414,0.3340683459279513,0.2950038207920395,0.28489049497903424,0.21270073073839146,0.28877927425714517,0.14681692094986865,0.14577325826984286,0.2629758415191085,0.19086199723482922,0.2545266799619932,0.27741193490259375,0.23065118041062313,0.30245058254638135,0.27043743668601694,0.3075158400292518,0.27510990695784515,0.28469706027392017,0.2536235664818242,0.3501738718382434,0.29898157998007713,0.21172810323676103,0.22241587356038697,0.3055696055813617,0.3028361156315664,0.2646768853226213,0.308330012641049,0.3273823546527015,0.31884126307199384,0.22858960722296268,0.1461673026854051,0.303716736004674,0.3195573279662852,0.16768463024646393,0.27003059113570127,0.2232335353230242,0.2410865425232017,0.31476566779145326,0.2178363067480019,0.3089581934393084,0.32330294998786446,0.3087193182125655,0.1296340204310274,0.27274568050352876,0.1611584007162137,0.3135197588384801,0.24113532497474235,0.18887101710197182,0.32108882295664104,0.32108882295664104,0.197436847541151
7,0.20848774285718666,0.2924015101669225,0.27311549679956754,0.26688005073290655,0.2621888354023719,0.3342843576149379,0.29097450697923155,1.0000000000000002,0.2193281258054286,0.26506785794320115,0.11632134538046106,0.20213366465314053,0.2806917861068948,0.1906925178491185,0.27336470304259336,0.22440359371022087,0.2375084343981418,0.2244035937102209,0.24091479186980413,0.2558831578595795,0.25664412960836586,0.2717695238193839,0.2718098545213646,0.24758899328831893,0.25391524247772307,0.2513803315432771,0.2953174100684738,0.2781171002775064,0.22934123614693147,0.191591780191171,0.22934123614693147,0.23463849886300225,0.24090909090909096,0.33539308516937366,0.26021452447179333,0.22134862843714392,0.23234684426488467,0.23234684426488467,0.2836872730658207,0.31065294709760827,0.14412148053204277,0.19681254499043666,0.2635731922631414,0.2778835211683096,0.2662973355373105,0.26857242513144125,0.24229109408109084,0.22245629575056222,0.254599180355405,0.2149025016314967,0.26863290260806916,0.31771233742998767,0.2844156393243098,0.17124693631268545,0.26007372016593416,0.1459811894531074,0.16430838438455708,0.2862505789328538,0.11524830746297954,0.2603432203368595,0.36409009500565037,0.21397586612129887,0.27073934293198354,0.29899705203648713,0.3015303787840625,0.30682230802005295,0.23476836299673415,0.2700292463484943,0.2963238841699795,0.25396890690924406,0.21508529062441872,0.19304476118110875,0.26232530590033143,0.28915675068856567,0.20074008779955824,0.26036863014014255,0.2932601655199185,0.26485071923488673,0.2308561752334359,0.11821529060278853,0.23685323746880915,0.2736502102982967,0.2340071757206818,0.25514731839312943,0.2403206414255487,0.3227486121839515,0.2655238244564227,0.23384216887746703,0.2633138563384403,0.23539595453459988,0.20128654661851392,0.07537783614444091,0.2753911558919686,0.16867477123499666,0.27228821592623764,0.21397586612129885,0.14002325838979388,0.2763195285786986,0.2763195285786986,0.1614415874399446
8,0.27036926396612565,0.21614993274808533,0.2601003988642675,0.22592186482918136,0.17438976669135683,0.2604717058325541,0.27205330779864645,0.2193281258054286,1.0000000000000002,0.21156563054938246,0.11693248725336963,0.14116750888150822,0.20105792195606528,0.1981147857393097,0.19775148737160753,0.2560388206662207,0.2772162257273022,0.2560388206662207,0.16488887590799983,0.2441815546096845,0.185573563242922,0.18103156608489573,0.26147169284042576,0.33979214010958125,0.25920051769842667,0.15836345571252913,0.20220178282331833,0.16741998931870314,0.24088255253465188,0.1935793626497505,0.24088255253465188,0.11586658798834654,0.1808495072430727,0.2028001264564639,0.11625851917726694,0.2225115741966377,0.20440175692833557,0.20440175692833557,0.20288507124578603,0.25893111891307613,0.12200310047275842,0.1368562811631643,0.2544991143646811,0.23523662834759415,0.22542857916286113,0.13951299469049475,0.2161934274160397,0.2050550267812665,0.17721005653795202,0.31330895815951987,0.22018647708375216,0.2197080032903006,0.18639968498479859,0.1667104422214012,0.27668769887335387,0.12357739913739285,0.1390919122852671,0.1817396928601786,0.16260184097025374,0.14350862423052632,0.21457870258918663,0.18578144220378065,0.26797467870265296,0.2699838478557643,0.3126149313214238,0.20379142431762715,0.3095732307931421,0.2867032823705848,0.2772518828405408,0.21499219930450397,0.21518080626407216,0.26435281866024274,0.2464021536446036,0.17887751028656854,0.20052026493319428,0.2824970092949416,0.33187561536543764,0.25110845270661475,0.21674585171355115,0.14127916751652786,0.1899504742320672,0.18875430065937368,0.11142787658570248,0.19937516263057686,0.12432355128700018,0.1987027318360959,0.2788859852174548,0.15341459772151259,0.2737404964553319,0.2989044678067317,0.25110845270661475,0.11485722620028507,0.3070450106512159,0.08786965417585824,0.22163465076182895,0.21829319458944227,0.13945156951489376,0.2623614996215782,0.2623614996215782,0.2077309273615034
9,0.24389804236576246,0.2847613638182853,0.29862582629448764,0.18613663825060184,0.2870685998875511,0.3164572807746807,0.26410991638675624,0.26506785794320115,0.21156563054938246,0.9999999999999998,0.1816947580627344,0.2357482050343962,0.23833286809400095,0.2924473596997843,0.3064031156677532,0.17475199436319974,0.24882551008556075,0.17475199436319974,0.298913381321435,0.2480508362517238,0.27170750953160805,0.29321063535465386,0.32250082167372074,0.20625906431820892,0.32973681154145595,0.23376838999288024,0.2966714129275892,0.2574345854943695,0.2299764973307501,0.19565028497572082,0.2299764973307501,0.23347852211608938,0.25370780688849254,0.30335514564660837,0.2047338529459139,0.21897380394439903,0.273262984901127,0.273262984901127,0.281152959350515,0.23888841066196792,0.18957369627543375,0.1522473714188977,0.2813305040132458,0.3046007093427738,0.3027876688992968,0.2491647110127066,0.21275611104720182,0.25945046072255534,0.26394547665063867,0.24202057066983693,0.24865569166388568,0.2684045889334322,0.2942620244525853,0.14979379333953974,0.29278340657480323,0.19201990965640325,0.1368804532571855,0.2292950839890276,0.14721526406990915,0.2521909691667734,0.25340047098791185,0.22853456751921344,0.2810636889824623,0.27565472727112195,0.3132894387630921,0.3027931251287324,0.259517726610514,0.24401722050254282,0.25985122092565505,0.2493550497175028,0.20632985675375343,0.20811984273430023,0.2604463585979104,0.28258007530469154,0.2809474540031756,0.3116105770020493,0.30088257772070914,0.24711601313452275,0.21329975220498942,0.18537724365356964,0.22847049072586825,0.2870731986876618,0.21322049653994166,0.2877676916295971,0.2002040154469342,0.3030924322123394,0.2334889326784772,0.26785961353350857,0.2424494016411586,0.22061408008075617,0.2074009395950459,0.10047207186066563,0.2825785677677406,0.10809073918758691,0.2995388635135404,0.18739834536575503,0.1372343922015833,0.27063304343496863,0.27063304343496863,0.18828909336888688
10,0.17737188975353665,0.1580864398279626,0.17473039117588285,0.158828982381875,0.22764696565170325,0.21872478497294673,0.1389223908043456,0.11632134538046106,0.11693248725336963,0.1816947580627344,0.9999999999999999,0.21014260963353026,0.15540356603474337,0.18022558312035097,0.16694028769658448,0.14044510135487728,0.12662512788016128,0.14044510135487728,0.1885626004314998,0.23067621716381065,0.16248220838460647,0.1995221263601644,0.2239557897562804,0.125999496003024,0.19708606305503953,0.16830517083504268,0.1389223908043456,0.18781526813935434,0.13585652432320372,0.13839019757636636,0.13585652432320372,0.15636881485612403,0.18902218624324918,0.16093017145509603,0.19653507529013656,0.15488772733285028,0.21131324286310965,0.21131324286310965,0.1486372202909283,0.12230500193255042,0.16984988783628396,0.17987750016531517,0.1580864398279626,0.1871377028710177,0.20720475471299118,0.16596624968671894,0.14663102735578776,0.20557374623546978,0.1719333808629445,0.2036853550143901,0.19777835844643732,0.1860849258569467,0.2274498174674528,0.10955820713295536,0.17425632828514906,0.1720415899370734,0.09385638197228473,0.10565410875907486,0.11059816495954718,0.14525503349691207,0.11794074597426037,0.16673082598946765,0.17987213637171717,0.17215970982049578,0.1950768266287065,0.15854588895839827,0.2310725309246417,0.1903243062503398,0.17461164811685698,0.1305651111032297,0.1459442271990491,0.16346083879297066,0.20116271431886995,0.16898404744184453,0.18621909774997597,0.18769054810166727,0.14811970539375383,0.20333142711013952,0.1611210053552444,0.15570941865504517,0.18941372477561672,0.14589373620040985,0.15204938358270187,0.2197393374633977,0.12812442652769462,0.19709840214179794,0.14156123891862543,0.17765545810365616,0.1773259169961331,0.1411862416005035,0.16944285592511626,0.12056070554260304,0.12354525989460698,0.08300970751529205,0.14516760320234998,0.21060735914459072,0.1053909598853084,0.1970860630550396,0.1970860630550396,0.14459909041556204
11,0.2071253709843719,0.2151891944343583,0.2277240744968461,0.17939996053201301,0.23318763657649022,0.25338795840348144,0.2317515859987636,0.20213366465314053,0.14116750888150822,0.2357482050343962,0.21014260963353026,1.0,0.21003696976030306,0.18790871509203655,0.2652298042215211,0.20608999648735016,0.16802957580824246,0.20608999648735019,0.2564362758100756,0.22757944185316942,0.17832518835125005,0.29718268903139083,0.24266015542597852,0.21686630567831539,0.24907632494401868,0.1884786560007434,0.2607205342486091,0.2129993175610321,0.13220496325635045,0.18551553464993117,0.13220496325635045,0.26810186437588035,0.197080323036812,0.30362131674778176,0.2491105188994881,0.20763088752012554,0.22791896034723097,0.22791896034723097,0.17400558050282913,0.2072182814860546,0.1433591358904815,0.2500610575170906,0.2243461814315651,0.2520241912873674,0.2640464762700953,0.22393605513097264,0.21112276454402817,0.25830415054956446,0.22643748750886505,0.2035199007420221,0.22754182230718903,0.2586904604801158,0.22439635583277168,0.1523049915090267,0.2461538534933861,0.14520900769964856,0.1174290475364232,0.16523731656776822,0.12812559502910165,0.2288537711472587,0.215195112071771,0.23178489043547268,0.2500536009096873,0.22603576323384222,0.259891153455702,0.21515863077200006,0.1706540047535922,0.25949578502354376,0.21673268386409134,0.22688530894152958,0.17390391202759806,0.21461464760795312,0.21573093558395012,0.24109929391298146,0.23656000150805528,0.24461489538608305,0.20248032114584033,0.22377733022356486,0.21931988212638728,0.2087323853691338,0.1663061499852127,0.24225448226527607,0.2601540039095405,0.23128893718115467,0.23748702727757093,0.26095343896982937,0.2405269535741245,0.2404727680009485,0.25164961896938326,0.18536938701605643,0.2532217157792971,0.10056022847309862,0.19041784764340214,0.1442474408026385,0.2561412463912062,0.18908767377630664,0.21061070093575496,0.23247123661441746,0.23247123661441746,0.18665949986487473
12,0.2159810099240131,0.2005183676557269,0.24730632983368098,0.19900338390524078,0.2268482178905401,0.30675477844443455,0.24755426723250792,0.2806917861068948,0.20105792195606528,0.23833286809400095,0.15540356603474337,0.21003696976030306,1.0,0.19042841028795476,0.289217700848055,0.20855639823429617,0.18376068376068377,0.20855639823429617,0.23739920282698962,0.24862257904942345,0.2476302782718243,0.2645391562273376,0.22008113523189538,0.22719910474819344,0.2527573284934108,0.2221579497054123,0.28365593120391525,0.2568811663687949,0.20174251088960074,0.19082600930253332,0.20174251088960074,0.23220259381034097,0.21591675854376524,0.2844953091662162,0.20601048104984193,0.23000322710873394,0.20558869983437855,0.20558869983437855,0.26138063825899605,0.24972604497524264,0.19817407328809747,0.22537594011178502,0.22986251901997962,0.2518408844308046,0.264957264957265,0.2464544717416302,0.20996578614093842,0.2054704031556012,0.25531546706221886,0.17958925509334756,0.2177389639229883,0.26038793188356013,0.21790681682020446,0.16269036695641684,0.204507797508842,0.19160711550797563,0.18118576883486967,0.2680253846888515,0.15511052207788503,0.2228889570604322,0.2955456516463156,0.24107432045818905,0.24237238430908412,0.21777725327112712,0.24542564603917774,0.28588593744843277,0.19837502448442806,0.22283925128979507,0.2685530568836389,0.22081339786595536,0.15480172920689395,0.16856529042973645,0.22617377078714185,0.29055724564178664,0.2336195734736711,0.2438750535080668,0.21628705285550368,0.1761319830891593,0.2542131569356961,0.14038564296494832,0.2664693550105965,0.24071938155803965,0.21710421071621092,0.27036762520625457,0.18233307275922273,0.28571602008575603,0.21021382614017325,0.22910038563370644,0.21395010606990583,0.20965696734438366,0.21387455089397917,0.17902871850985821,0.2034020631971219,0.1386750490563073,0.20313247728304426,0.19546566523636952,0.16628352439743205,0.21728261572240576,0.21728261572240576,0.1993874411339821
13,0.22416210523235894,0.23560047970400733,0.260405408741612,0.20120104424309146,0.23570226039551584,0.24266762674364964,0.20703978121558042,0.1906925178491185,0.1981147857393097,0.2924473596997843,0.18022558312035097,0.18790871509203655,0.19042841028795476,1.0000000000000002,0.18955855823370435,0.1581446667571466,0.24704226199518456,0.1581446667571466,0.21992863523337425,0.20848774285718666,0.17842750357474138,0.19965143395683543,0.29450059963000913,0.17526174678575934,0.259900058405095,0.18394180184548972,0.190476598718334,0.2121394004352538,0.18222357403119843,0.20035387818885086,0.18222357403119843,0.14914602044174471,0.1906925178491185,0.21471262416901352,0.1654032095081244,0.1516904886593661,0.2389092412837483,0.2389092412837483,0.17721444263289027,0.17316071700408409,0.19527315157040648,0.20775912003644598,0.23560047970400733,0.310272200033709,0.27449140221687174,0.18041560354180797,0.16233521193935976,0.24509767329991877,0.1888061728944767,0.26940752204639745,0.21141006332725285,0.21332875202906004,0.2099455524325912,0.10613040574309429,0.261374376820045,0.19779290935168425,0.08952108434860563,0.19944827481096167,0.10255928633050294,0.1789547244093594,0.19334729780913273,0.18832429232130635,0.2978536556798993,0.2508726030021272,0.2519644829657214,0.20253017924522884,0.2453662023381052,0.178914816274819,0.2193354017566469,0.19026059766179765,0.17400369051536885,0.19488807300286265,0.2603961612262504,0.23858666325810174,0.2526455763199557,0.2762237762237762,0.22957665837535335,0.22727272727272727,0.20010247871036901,0.15912544527043043,0.16640156920815613,0.20776583771334145,0.139448179790431,0.19087607022374337,0.14002800840280102,0.20142243978436267,0.21097252764384408,0.2341077478033506,0.22903711201634985,0.2010619408596955,0.19191919191919193,0.08624393618641034,0.19533030533753254,0.0865981222196073,0.2762587188766893,0.17263060129453078,0.10209354120506983,0.2349781349963872,0.2349781349963872,0.1416142328546156
14,0.24252421240074631,0.2656903024091949,0.2799755125460405,0.20359698367421372,0.24983220348468677,0.3489113503954588,0.28967592485336713,0.27336470304259336,0.19775148737160753,0.3064031156677532,0.16694028769658448,0.2652298042215211,0.289217700848055,0.18955855823370435,1.0,0.19736772217239615,0.20068166997620138,0.19736772217239615,0.28024510867258373,0.2543615398613999,0.28647623896856433,0.29229716134391953,0.23867094962181915,0.23381086198375317,0.28581191412080936,0.21734226318368413,0.2944247105067011,0.29735160313340603,0.2507751956589087,0.24328767529096856,0.2507751956589087,0.22093315449837536,0.23857283174626326,0.33006467206751405,0.23711155403200465,0.21178115728561805,0.24409850024959523,0.24409850024959523,0.2299761205393,0.26129707886967424,0.19906219315048812,0.1844626385704037,0.2611870769446323,0.2838637780719456,0.2833152987899314,0.26030096621981247,0.24345408880363698,0.32973454692411314,0.25983413617557366,0.1958225284720151,0.303064062678102,0.3033680565645092,0.26585209223107364,0.1591637508330419,0.2766939578556056,0.1932295586541105,0.20533080093573816,0.21669453555438462,0.19322955865411048,0.29129492773280685,0.3124466634694729,0.2219751401763724,0.28693332585849574,0.2789896203624624,0.251914060535486,0.3200130538684418,0.20734231700343966,0.25022530420634376,0.29843759694941047,0.28762255853708973,0.19955252664369388,0.21729492158789115,0.2357604800482243,0.297939785765562,0.26779124191154324,0.29673205077352943,0.24640797467347042,0.2780192187427663,0.2065350429433213,0.22050841094377166,0.29306679387258183,0.30476644193818814,0.23188872011511052,0.2875774862739491,0.2919785812368919,0.34649572657905814,0.2527027812513624,0.24930436071069648,0.22225624016688722,0.20913407192853073,0.26643508462848436,0.09890707100936805,0.24971663733978475,0.099313261921854,0.30537020426122463,0.23397379640212226,0.1621161167242545,0.2776458594316434,0.2776458594316434,0.25420280606925305
15,0.23327779761117737,0.24309644556699705,0.27479718292562294,0.17984819226276033,0.21707238158772643,0.2405359814687162,0.2656743647158531,0.22440359371022087,0.2560388206662207,0.17475199436319974,0.14044510135487728,0.20608999648735016,0.20855639823429617,0.1581446667571466,0.19736772217239615,0.9999999999999999,0.24331579794001224,1.0,0.22555067001076606,0.22968440077443752,0.19510287595826198,0.21994971667732377,0.24751638094094247,0.305981836893593,0.2885406546327629,0.21959656388023857,0.24703054964807392,0.2586869037321442,0.21878839549776774,0.21888891854258355,0.21878839549776774,0.1608863739010894,0.19513355974801816,0.25711104030845394,0.19393835105607876,0.18559297028714614,0.19557856274269753,0.19557856274269753,0.20472511461572734,0.24620565029429892,0.12211275507477404,0.18105088181895415,0.2784559285585603,0.21975151854885383,0.22400502032572556,0.24893559348876704,0.26003518025806865,0.22813677599302334,0.23681202483833116,0.26053867671624653,0.19220408002163572,0.2641393332678808,0.20185536534969195,0.1745987268558755,0.2791201094708876,0.12368846869601904,0.11336235407853662,0.21859459076893473,0.11544257078295107,0.2339241039404097,0.25720521701176896,0.18842773211099834,0.2860965657854677,0.19681497142486562,0.26543524177525185,0.24316970618385744,0.24227069724300193,0.3143644468266405,0.27617963909724275,0.2190280281330745,0.23783203098421912,0.18890152060340795,0.20825994264984765,0.2148459393313835,0.20251473132808526,0.2676294360505559,0.22528539590834543,0.2842469500536949,0.18019114905245043,0.1343358398073463,0.20068348776964945,0.27737470879619935,0.16481363891164036,0.2485560393795369,0.20060477292537032,0.3022996108760977,0.27969213967003953,0.2007740012619324,0.29251323865592516,0.2578983088655802,0.3013017670569166,0.06471848016905735,0.30276807483429763,0.12532679794330706,0.21355205557470897,0.21198119862487314,0.16795754420992523,0.232435527343059,0.232435527343059,0.15247293077887222
16,0.2633914755170892,0.21845090460054803,0.2973081560842066,0.17689189680465847,0.18978151562084403,0.25562898203702866,0.27849855063657136,0.2375084343981418,0.2772162257273022,0.24882551008556075,0.12662512788016128,0.16802957580824246,0.18376068376068377,0.24704226199518456,0.20068166997620138,0.24331579794001224,1.0000000000000002,0.24331579794001224,0.20696340759276022,0.22468114551133084,0.17355284460076578,0.20810413623217228,0.31300428121869567,0.3059020626021428,0.28084147610378984,0.15273359042247098,0.22004823754000702,0.18593303470503247,0.21519201161557416,0.19571898390003417,0.21519201161557416,0.12900144100574498,0.21591675854376527,0.2313895181218559,0.12017278061240778,0.16976428667549415,0.17673414547165875,0.17673414547165875,0.19748759335124147,0.22702367725022063,0.15613714865122835,0.16694514082354447,0.2738787460663587,0.2547356072403541,0.24501424501424507,0.19813006551778117,0.17626757355041744,0.25047820575158997,0.21500249857871068,0.2993154251555793,0.2160510649778489,0.22318965590019438,0.20337969569885755,0.18980542811581963,0.3088485105235572,0.15815190486372593,0.13008209044554744,0.17432545345616363,0.20073126386549833,0.20131905799006777,0.200679146179597,0.18677830233697534,0.2769970106389534,0.2619639423406312,0.3004117197419443,0.21301305143216556,0.2752230069423597,0.3007424041797234,0.3025080410873175,0.18670401120373464,0.20124224796896217,0.2292487949844416,0.27880540298289186,0.1937048304278578,0.225673329477968,0.31355364022465726,0.3006023446466322,0.2851660678586389,0.18941372477561674,0.1651595799587627,0.2023193251006381,0.18856351555379772,0.09263112990558331,0.23929088667680004,0.11098534863604863,0.1858315577793535,0.25692800972687846,0.17124675289792202,0.27063774101150484,0.2873076959904517,0.24322988140883905,0.10741723110591492,0.31640320941774513,0.12326671027227315,0.27913442456581594,0.21284039103515795,0.10433476040623188,0.2926663803607915,0.2926663803607915,0.14826245622783285
17,0.23327779761117737,0.243096445566997,0.27479718292562294,0.17984819226276033,0.21707238158772643,0.2405359814687162,0.26567436471585304,0.2244035937102209,0.2560388206662207,0.17475199436319974,0.14044510135487728,0.20608999648735019,0.20855639823429617,0.1581446667571466,0.19736772217239615,1.0,0.24331579794001224,0.9999999999999999,0.225550670010766,0.22968440077443755,0.19510287595826198,0.21994971667732377,0.24751638094094244,0.305981836893593,0.2885406546327629,0.21959656388023857,0.24703054964807386,0.25868690373214426,0.21878839549776774,0.21888891854258358,0.21878839549776774,0.1608863739010894,0.19513355974801816,0.25711104030845394,0.19393835105607876,0.18559297028714614,0.19557856274269753,0.19557856274269753,0.20472511461572734,0.24620565029429892,0.12211275507477404,0.18105088181895415,0.2784559285585603,0.21975151854885383,0.22400502032572556,0.24893559348876704,0.26003518025806865,0.22813677599302334,0.23681202483833116,0.26053867671624653,0.19220408002163572,0.2641393332678808,0.20185536534969195,0.1745987268558755,0.2791201094708876,0.12368846869601904,0.11336235407853662,0.21859459076893473,0.11544257078295107,0.2339241039404097,0.25720521701176896,0.18842773211099834,0.2860965657854677,0.19681497142486562,0.26543524177525185,0.24316970618385744,0.24227069724300193,0.3143644468266405,0.27617963909724275,0.2190280281330745,0.23783203098421912,0.18890152060340795,0.20825994264984765,0.2148459393313835,0.20251473132808526,0.2676294360505559,0.22528539590834543,0.2842469500536949,0.18019114905245043,0.1343358398073463,0.20068348776964945,0.27737470879619935,0.16481363891164036,0.2485560393795369,0.20060477292537032,0.3022996108760977,0.27969213967003953,0.2007740012619324,0.29251323865592516,0.2578983088655802,0.3013017670569166,0.06471848016905735,0.30276807483429763,0.12532679794330706,0.21355205557470897,0.21198119862487314,0.16795754420992523,0.232435527343059,0.232435527343059,0.15247293077887222
18,0.2251041347490535,0.3297371653647175,0.2694900189482564,0.18897297879591018,0.26187626177067636,0.2998608112132647,0.26935876777982765,0.24091479186980413,0.16488887590799983,0.298913381321435,0.1885626004314998,0.2564362758100756,0.23739920282698962,0.21992863523337425,0.28024510867258373,0.22555067001076606,0.20696340759276022,0.225550670010766,0.9999999999999998,0.2413376795797043,0.27735513951257523,0.30647075784788474,0.2879394965156688,0.2495902976206575,0.3073909014308853,0.2702931158289346,0.2889484963456333,0.3345374214430311,0.205942098424478,0.19514682917510145,0.205942098424478,0.22049884265973688,0.23066309859874862,0.2809620719529632,0.2282313785511066,0.17160811725592387,0.26715187994187095,0.26715187994187095,0.23717483304489806,0.25330762800965456,0.2138471228162353,0.25364891742303347,0.31580460908170127,0.29274928202905587,0.24754446790506615,0.2822155176598828,0.2879974370046278,0.26201028182205205,0.2871079974472325,0.22887912060717197,0.24523198878551594,0.312864083445338,0.2690007039391537,0.1544902536923351,0.25364891742303347,0.2166065546551064,0.19852318654612286,0.2607237592025644,0.12996393279306384,0.2594476267810655,0.2754520008363245,0.21036204875246478,0.26303547804458677,0.2922182183327917,0.3056464405140969,0.30873783777904823,0.20365004399302822,0.24773554239107393,0.2726045145170676,0.2608260639972422,0.1984489583937632,0.16647182478084877,0.226930904269701,0.26964150137377607,0.2671187697908915,0.2729370755203927,0.24367770678499573,0.22698807290753192,0.17986666906488896,0.1725185115343832,0.2389807581721647,0.2914476053631113,0.19791500756893915,0.2965792367248832,0.27100628528578424,0.3507242962314837,0.27724774860493634,0.2834781458693705,0.2396320915676199,0.22674091927799064,0.20309459154884435,0.08500255011475574,0.208298966360776,0.10242196563810099,0.26375295573410956,0.22273628691437447,0.16719067539619475,0.2694933930352967,0.2694933930352967,0.18205545991892572
19,0.2860387767736777,0.22762330007655168,0.24809407802418737,0.21598732512956942,0.2261881555622161,0.27994168488950605,0.2578159755667964,0.2558831578595795,0.2441815546096845,0.2480508362517238,0.23067621716381065,0.22757944185316942,0.24862257904942345,0.20848774285718666,0.2543615398613999,0.22968440077443752,0.22468114551133084,0.22968440077443755,0.2413376795797043,1.0000000000000002,0.24079333787781013,0.2416843232878428,0.2992824871376883,0.28797206115404217,0.24842477734130824,0.1795088178392981,0.24448066648575523,0.2720102862730293,0.29994330530044805,0.28466192749503066,0.29994330530044805,0.1601067734519903,0.26984042101555655,0.23049187214846237,0.1775587046473901,0.2761170069078676,0.23781457691682645,0.23781457691682645,0.255319348904097,0.22012852735861171,0.18633225879883966,0.18705520049741015,0.22762330007655163,0.2731956338262687,0.2615141201853195,0.30613044114320864,0.19437276734777703,0.2580501148055395,0.24321786442912616,0.2973529588670762,0.2618614682831908,0.23358642511657512,0.22537446792760446,0.17527682734987293,0.2769855853519342,0.18873664545023325,0.18018749253911182,0.22537446792760443,0.15728053787519436,0.2602728097283137,0.2688798899017765,0.23024262907519172,0.3240061839997558,0.29787235307751997,0.27048137303735575,0.35269404668857274,0.26801920501303433,0.2435924532911825,0.34320468662285436,0.26922923014920075,0.20680458237548743,0.24989021567866243,0.23539595453459985,0.2788866755113585,0.2753218006028587,0.32655117825585533,0.2812037900320722,0.3198783572442414,0.22340034696480243,0.19928951818080548,0.2232880423523612,0.25415566800320316,0.15718104959867515,0.27320475725470467,0.15031867797664444,0.24625623980345282,0.23654255632418653,0.23336146319108747,0.3357058425145632,0.27607185922104893,0.25481835238100586,0.10801234497346433,0.2440597591098928,0.10624254305194611,0.24296563388013637,0.23585830295507448,0.16860985190855676,0.2751782149011414,0.2751782149011414,0.20489850869182238
