,0,1,2,3,4,5,6,7,8,9,10,11,12,13,14,15,16,17,18,19,20,21,22,23,24,25,26,27,28,29,30,31,32,33,34,35,36,37,38,39,40,41,42,43,44,45,46,47,48,49,50,51,52,53,54,55,56,57,58,59,60,61,62,63,64,65,66,67,68,69,70,71,72,73,74,75,76,77,78,79,80,81,82,83,84,85,86,87,88,89,90,91,92,93,94,95,96,97,98,99
0,0.9999999999999999,0.2566973238622053,0.29093343285333684,0.22079551384745288,0.23532259555768498,0.33883170264471185,0.21825035685575994,0.24555401275584518,0.3391190433414554,0.21143547555682213,0.2093421790249126,0.19554941318309332,0.2969347968740407,0.22468538465285204,0.3377698788267526,0.22979662921337035,0.1761624543769282,0.2273736029743167,0.24468189608397692,0.22357441025308689,0.18450184501845016,0.25766635008509026,0.26781678266937836,0.22116074544920897,0.19740418349705408,0.28521954798205157,0.20813561253262747,0.19441829446538064,0.1831105415584789,0.253269824223206,0.26334000085325604,0.17819349755600652,0.18073886464091696,0.12185239276646713,0.3099914691521518,0.2504302616495059,0.2614555611157533,0.21890777588125676,0.2784056360311422,0.3261584765677517,0.19751982042616117,0.22079551384745288,0.2463026772570718,0.3218617769593588,0.23505004751218148,0.21209268487132438,0.22545984337453742,0.11930213524011994,0.1691668224969447,0.1515496573354873,0.19798757666933375,0.1990591804449086,0.22762155158790742,0.27065678165010043,0.25387713905442716,0.2512533792667289,0.3059169383016688,0.22562678885714943,0.29562748654043186,0.1945361969703618,0.2151422253940071,0.2526753386461684,0.20025744066041432,0.29711926276917294,0.18453905435035725,0.2411167769422137,0.3003536099530002,0.29098493917096674,0.3193200101057973,0.338329234596272,0.26681279589829293,0.2581041614653127,0.13921366996563012,0.21759913691219676,0.20901213946715405,0.2853280500971536,0.2792348188687556,0.24501605913950902,0.17551007463599505,0.30572767693795877,0.28826674122073825,0.2621923658348931,0.22357441025308689,0.11930213524011994,0.18548570933101668,0.22121122871912277,0.14604250505976962,0.2784056360311422,0.21825035685575994,0.26351302508821817,0.26781678266937836,0.25066972135492527,0.24548615331974227,0.2161121050284247,0.2025793612499144,0.2504302616495059,0.3426428312702816,0.21958251789434796,0.22545984337453742,0.18435612812457014
1,0.2566973238622053,0.9999999999999999,0.15741270934059579,0.17618404106652394,0.1494671386356041,0.28084379899976375,0.16112126316514658,0.16370210421994735,0.28143419703859934,0.1590108488852604,0.11774246154376096,0.1684229237317293,0.2647210231115392,0.20840310818416552,0.27531783427397233,0.11989347534518319,0.16903085094570333,0.15208883609146515,0.19023794624226834,0.19256031114327865,0.15915234079456728,0.17397360402418838,0.18152958299547287,0.18362791678462206,0.11517511068997927,0.3000390294674129,0.16003048490072438,0.15983740793871878,0.086991767240168,0.16582314288228836,0.17055844616862956,0.1084652289093281,0.173421993904824,0.14345114601325779,0.24727349209767688,0.2667617396219725,0.13707011226148175,0.12772134243242714,0.2723523897009611,0.3039913062666666,0.09993062780989564,0.17618404106652394,0.15576399571225835,0.2849675359049194,0.14343202301830338,0.12909944487358055,0.1742678701693809,0.12909944487358055,0.16562491039167154,0.12207160944508066,0.13007834065385349,0.10385660148541215,0.31668974985120485,0.24117061451620186,0.30049986149632535,0.24414321889016136,0.2350450302880608,0.21128856368212912,0.23307361127050974,0.1546617786679401,0.169618786115469,0.1829971055257371,0.13930903806377162,0.3112522393182184,0.15560551102236928,0.11588813366263832,0.23476507075792125,0.24290831941086857,0.26751728020385473,0.2422137528889611,0.26841809060370697,0.17955009479503808,0.17819287606532472,0.12614398723786208,0.11770414835013376,0.27517708066338975,0.20863849286249586,0.13170777796132696,0.12209353913347193,0.19631942890761195,0.23985282025967142,0.22164340633901286,0.19256031114327865,0.12909944487358055,0.1290330868918777,0.19438172897617398,0.17928429140015906,0.2723523897009611,0.16112126316514658,0.24189726272590542,0.18152958299547287,0.13523217305126084,0.1546617786679401,0.13120436188862514,0.15764411154870012,0.2667617396219725,0.23368568540483603,0.13093073414159542,0.1742678701693809,0.19786725361642254
2,0.29093343285333684,0.15741270934059579,0.9999999999999999,0.20266866834241168,0.19046498250013671,0.2407778019129973,0.2633801666594351,0.268891740000193,0.2671108967256738,0.2815911960477402,0.20485124073511618,0.22433153548956652,0.23676394015569244,0.24960552745640824,0.2279008706546482,0.2883337842358297,0.15299372420468008,0.19152572599692258,0.30339895149720114,0.29534223870876963,0.21820007464000257,0.19916840991414891,0.2631913742019757,0.2538985017508641,0.20919261025745375,0.24376751760716558,0.2878952252035696,0.22741166414764497,0.2689816205135976,0.2610267019247376,0.25853694256314064,0.22561814479250508,0.2252153138384048,0.15396159239972948,0.27608876868506393,0.17567951178311386,0.2614085380123204,0.2706437266737395,0.19530453665408629,0.24966310505438,0.23595526304493547,0.20266866834241168,0.235384632794722,0.2691450714054413,0.21223341948543006,0.23225021019333955,0.24688779834939703,0.14515638137083722,0.15780097768896523,0.15721873180623178,0.20475984028852046,0.21797798696967038,0.19329976313163275,0.21645752542820743,0.2738565636319547,0.22709372372011258,0.25499362523905256,0.23281653683320877,0.31293344416198393,0.18259297208667016,0.23166308940771202,0.253948250291269,0.19644740917536893,0.2449752913970414,0.189830709357283,0.27843457258293114,0.26977154267974984,0.2478314784804163,0.3195895258166848,0.2625763382048831,0.25171653799635174,0.28988171163125903,0.18903141860993672,0.23166111264493647,0.21797798696967036,0.23433445965848781,0.20384907166070093,0.31708496024892613,0.18418280005149304,0.28649816821339225,0.26305327818073077,0.276208455369479,0.29534223870876963,0.14515638137083722,0.23132482219207517,0.16574000410743178,0.14110813025753957,0.19530453665408629,0.2633801666594351,0.2647590322023846,0.2631913742019757,0.2408821837501729,0.2434572961155602,0.2409543976255792,0.24815186710471995,0.17567951178311386,0.22806760061687406,0.21755170574802996,0.24688779834939703,0.2537889076273946
3,0.22079551384745288,0.17618404106652394,0.20266866834241168,0.9999999999999998,0.22507456830317188,0.2505727844797427,0.21556199545914567,0.22957605966923528,0.29578516874586047,0.22124804026787842,0.19204614140905701,0.2512779719194478,0.29172411642330853,0.2979954926318514,0.28820902734472464,0.2527576391226808,0.21915421836818796,0.2500925069411863,0.2722964623503605,0.2747988049968445,0.2500184495037334,0.273409290909715,0.284002172772784,0.23227298361250737,0.16809954440415772,0.25097468079096436,0.21206358479322712,0.24494897427831777,0.2279334726486392,0.24580257200417327,0.2317221001198601,0.2351980596240121,0.20291114392962023,0.14846149779161805,0.20003306604965967,0.2169192059470845,0.2367324348120703,0.173983534480336,0.22966770070528583,0.22291128503014113,0.158004195944917,1.0,0.2285520178093392,0.2909415754605297,0.25037167894323265,0.24494897427831777,0.2512940270811211,0.0816496580927726,0.18744806778279025,0.1544097293955912,0.15485885391866472,0.2189489404922193,0.20437977982832192,0.302383419167804,0.2600722523287533,0.2491611542519767,0.20892128495948004,0.24053511772118188,0.1647508942095828,0.16302782918784448,0.24294935736466233,0.2862981048203911,0.2533069688839516,0.2337631757299287,0.19682713252204914,0.2044519386997718,0.24647425643034693,0.2759626834754717,0.2598317750899939,0.260132990857236,0.2311659660258463,0.29699640960230406,0.2057983021710106,0.19147311014729107,0.21019098287253057,0.24536401570625677,0.1774561445253831,0.2204981808975114,0.22522130823072534,0.25608682452026665,0.29344519146817627,0.2978816467655302,0.2747988049968445,0.0816496580927726,0.2130867451192807,0.23563078298306617,0.1436264997435063,0.22966770070528583,0.21556199545914567,0.29641669511492963,0.284002172772784,0.24758202513348904,0.22008756940359,0.25240031203120344,0.29608737161417903,0.2169192059470845,0.2128259584675725,0.17481660836672974,0.2512940270811211,0.2595542738092201
4,0.23532259555768498,0.1494671386356041,0.19046498250013671,0.22507456830317188,1.0000000000000002,0.26485437013363256,0.3457976189754673,0.2836879432624114,0.2804344276371218,0.26143586254388146,0.25317325674989566,0.2323725460691461,0.2637806257411426,0.22572040770328605,0.20811984273430023,0.3119430855345834,0.24422405710929054,0.2182299182305026,0.2544123501266723,0.26567481896646916,0.18928121816596397,0.24690036953658495,0.3332086867304109,0.23737374525763705,0.2648445267210797,0.2845067244727287,0.2657699852508836,0.25115590781354247,0.27862308287662274,0.30981388357723233,0.2454870207010941,0.2161598320871077,0.233288002848917,0.1559362351170901,0.2578553115646984,0.17359287692518005,0.2363939708329005,0.31327415132017317,0.20504635573804972,0.2195010179602814,0.2821309611263097,0.22507456830317188,0.2917960375608824,0.2190511655781279,0.2972787870937651,0.28484755398365186,0.31951379090015,0.16539535392599136,0.18240881063278988,0.19904393642617305,0.2134855868737129,0.3035638036922145,0.16100241750164904,0.22766577899827573,0.22063437277737377,0.24327592229865594,0.3165000732223005,0.2827224306437599,0.24590714659814247,0.2632752761292764,0.24358221497189428,0.25912471965659645,0.22557300247592937,0.21322574902208424,0.19381592073703746,0.2552637351213155,0.2432883327525499,0.24652773208912646,0.1904049638459491,0.23679947450191496,0.22762941254223212,0.2890121113467088,0.20071984408088572,0.29329036844379075,0.3518580451887032,0.20227834851568374,0.21506619680967015,0.23931981409644068,0.33456448556986046,0.1956220219826444,0.23116467426619497,0.28987355025073175,0.26567481896646916,0.16539535392599136,0.23572029906392292,0.18293058302328657,0.2262867069866572,0.20504635573804972,0.34579761897546724,0.25986903411837475,0.3332086867304109,0.347517730496454,0.21832583874135114,0.24513425685003884,0.2284859566151389,0.17359287692518005,0.2933979781955106,0.23193887041900169,0.31951379090015,0.21907149798320047
5,0.33883170264471185,0.28084379899976375,0.2407778019129973,0.2505727844797427,0.26485437013363256,0.9999999999999998,0.26540811215993926,0.2748488746669772,0.3341724500900132,0.21212175169479094,0.23930239620978133,0.25166309617792976,0.31540412402438944,0.2703772420213579,0.37660808774213544,0.2525350431841932,0.24329023992973992,0.2477365977776008,0.2776805694336005,0.23573058420690607,0.2415077029488904,0.19987939587204676,0.2850936780355117,0.2857298961946535,0.19905363468548976,0.32958136232788465,0.20866657191386392,0.2244467243389239,0.2530363762176883,0.22921369443562326,0.24837183245515732,0.17950695879054737,0.21917021219255095,0.16481194697959006,0.2785884102891178,0.2560985451875398,0.2776102720445094,0.25522704611859326,0.28470711921938313,0.32169940669356745,0.19879302148315128,0.2505727844797427,0.2537230433586386,0.35156635504078987,0.2497483643046276,0.27192583910292706,0.3181233295627825,0.0776930968865506,0.16524969528573652,0.1324572562026642,0.18265847678406816,0.2625073426113089,0.2768041581429761,0.3059789900678634,0.29981909380807015,0.28828932232344556,0.3122139018208072,0.26702587309361697,0.31284728664171085,0.2533755086401287,0.2416845966862774,0.2502056955140685,0.1915449724778249,0.3004830858470103,0.20211639823130087,0.2055566129482595,0.29999203026566845,0.35057137827553697,0.2783855914934998,0.37220805385065087,0.28469321788638074,0.2812193060109961,0.17950695879054737,0.21846499901396324,0.21389487175736285,0.297724877570904,0.2626664656517758,0.2937386598390775,0.22859475575713725,0.28716194912436344,0.27330969454962417,0.2755734365654802,0.23573058420690607,0.0776930968865506,0.19628993756331678,0.24641727148734208,0.20140352599120537,0.28470711921938313,0.2654081121599393,0.3290618333092507,0.2850936780355117,0.2998351360003388,0.2352772580229767,0.21878459291396402,0.23813707224142747,0.2560985451875398,0.3051756668234538,0.2655689456488881,0.3181233295627825,0.23668614771769902
6,0.21825035685575994,0.16112126316514658,0.2633801666594351,0.21556199545914567,0.3457976189754673,0.26540811215993926,1.0000000000000004,0.28404804415841955,0.2657095844141295,0.27590800277767347,0.2580645161290323,0.23978616113402895,0.2714229994642801,0.29086108889255663,0.2553321994412449,0.2831565876135136,0.21997067253202995,0.2533413676661414,0.2519121366275707,0.29128534181132676,0.2227044457711836,0.24698508402510855,0.2901144757063911,0.27125957588321675,0.24596471524143956,0.2645051654484576,0.2842885888466236,0.25600819239323697,0.2749336132915071,0.29222412453509716,0.279503460045362,0.28902705835723536,0.2332079863818577,0.15839698777049718,0.24446277220311027,0.20782016394385297,0.33388724321912816,0.25571071274738394,0.2257847876487897,0.2599133167256224,0.23841789838162908,0.21556199545914567,0.29189615629347715,0.25782661863556705,0.30362917250605187,0.29200934444853593,0.30238125476235833,0.1280040961966185,0.18906868766947604,0.14441782171967504,0.20579049243333933,0.2883311944260477,0.16260858497768485,0.23492922933908175,0.27442787113900946,0.3129052803926292,0.24249878735252323,0.2932942300427066,0.24384035988577585,0.2236347538415741,0.238048401222926,0.26739183622362006,0.22661471723379026,0.21940342358345183,0.2024994178150107,0.2698752698754049,0.2566324512873683,0.2653781045902816,0.22794708805502156,0.285471640841884,0.21305411466691088,0.3195350951062539,0.2016467849003967,0.2845426999023345,0.2763173946582958,0.22308215199750983,0.23094348160088435,0.27558393936387554,0.25598645164398176,0.24483791987895168,0.24902640567584025,0.2924448545256578,0.29128534181132676,0.1280040961966185,0.23633047310817276,0.2061166912463852,0.20739033894608508,0.2257847876487897,1.0,0.3147964011762975,0.2901144757063911,0.2593482142316005,0.25717996691781025,0.24188823941465418,0.2901144757063911,0.20782016394385297,0.2676169317078552,0.28398091712353246,0.30238125476235833,0.24160243333023496
7,0.24555401275584518,0.16370210421994735,0.268891740000193,0.22957605966923528,0.2836879432624114,0.2748488746669772,0.28404804415841955,1.0000000000000002,0.3134267132414891,0.2693581614088476,0.24699829926819095,0.25819171785460676,0.23580389270799113,0.275378897398009,0.26487979984365484,0.3053059986083157,0.18527342263463423,0.24247768692278068,0.3142740795682422,0.24599520274673073,0.23532259555768495,0.2206343727773738,0.3094080662496672,0.26210017705530764,0.23836007404897175,0.23146309787611827,0.28095684155093403,0.2450301539644317,0.3157728272601725,0.2943231893983707,0.27066517667043705,0.3319597421337725,0.233288002848917,0.1559362351170901,0.2578553115646984,0.20614154134865129,0.23639397083290054,0.2741148824051515,0.2834464329320099,0.26340122155233764,0.26553502223652675,0.2295760596692353,0.24212862691222156,0.28395521463831397,0.2572604888311429,0.2802532385968187,0.3334056948523304,0.1653953539259914,0.14766427527416323,0.18798593995805232,0.15248970490979497,0.24147120748244338,0.16100241750164904,0.2571780096091633,0.24164717018474274,0.32068189757550103,0.28485006590007045,0.30678391410280337,0.27323016288682495,0.2183258387413512,0.2187268869135377,0.27352053741529625,0.2024373099142956,0.24714802727559762,0.24033174171392646,0.25526373512131556,0.2760386852384701,0.26893934409722886,0.28084732167277493,0.2914455070792799,0.23332014785578792,0.26148714836130793,0.16983986806844176,0.2597714691930718,0.23457203012580213,0.24722909263028015,0.2724171826255822,0.31651975412755057,0.2331813081244482,0.27713119780874623,0.2742631728581974,0.32668288996511036,0.24599520274673073,0.1653953539259914,0.31429373208523054,0.19369120555406816,0.20246705361964065,0.2834464329320099,0.28404804415841955,0.2674014698899219,0.3094080662496672,0.2340425531914894,0.28896066892237654,0.277818824430044,0.26180682528818,0.20614154134865129,0.25614109207544583,0.2536831395207831,0.3334056948523304,0.24097864778152056
8,0.3391190433414554,0.28143419703859934,0.2671108967256738,0.29578516874586047,0.2804344276371218,0.3341724500900132,0.2657095844141295,0.3134267132414891,0.9999999999999999,0.2717970648246114,0.23339355387727595,0.29276452246175966,0.3927599463837893,0.3570107216392288,0.3713095419383367,0.30103267458023786,0.19588084274975673,0.2960960433505265,0.34228790226310474,0.32327833883526547,0.2647508320823643,0.27492100338065045,0.3404590752433453,0.31631927656515246,0.24640670071065654,0.36171936781108655,0.278176197474822,0.2778405775762506,0.2916292810497999,0.28224028877215906,0.2818358155478092,0.2334327763889178,0.23613916749309977,0.1209002809187408,0.3298680791472369,0.28705481996608445,0.31463181498007775,0.2675555539765009,0.31210783669726794,0.40078154541890815,0.21713302056693506,0.29578516874586047,0.2527092279975719,0.38684517595626355,0.2858910481073227,0.3259283698490632,0.3311975820655124,0.1389202887881253,0.18688298822613855,0.17361279940743088,0.20394350968854455,0.2768139222728806,0.32580156785699166,0.36528496155952944,0.3329598818721211,0.30864497672432156,0.331274379183078,0.2903233919326751,0.30187265248999107,0.24644027491779008,0.28328077365852333,0.35158242667530104,0.2455200151200158,0.38041906124216174,0.24794403145594346,0.28626376376699025,0.3618354456349673,0.38575035571448585,0.36260275493396926,0.352184761238323,0.3242918175380862,0.33878232410886916,0.21547640897438566,0.2631267765706715,0.26477853434797277,0.3215018865818571,0.25845451229394967,0.26485641936434906,0.21812686180769703,0.357845023807834,0.3576931614227065,0.38527609292068304,0.32327833883526547,0.1389202887881253,0.2533695425940084,0.30660201591488195,0.14543410582353317,0.31210783669726794,0.2657095844141295,0.3920125774911704,0.3404590752433453,0.27218635623602994,0.2800457669520342,0.2945886231334885,0.32385131547537716,0.28705481996608445,0.35746376673967123,0.25709576528035427,0.3311975820655124,0.28025288211871574
9,0.21143547555682213,0.1590108488852604,0.2815911960477402,0.22124804026787842,0.26143586254388146,0.21212175169479094,0.27590800277767347,0.2693581614088476,0.2717970648246114,1.0,0.2207264022221388,0.2547635317839135,0.22768764716936907,0.22188289965106095,0.22191182115689312,0.31879851946794047,0.20695859104439143,0.21668662339856096,0.30090687336265465,0.2418129997241745,0.18857758630743593,0.15843749990449127,0.29244977998975075,0.24858464167542532,0.2958430265743201,0.2316217369850197,0.8821482193882468,0.3352941345594108,0.29048532985265013,0.28839648594022116,0.2742198379104505,0.28457794403620473,0.2702445889685692,0.1306407432337535,0.30723814905702745,0.13937346362145273,0.269930555392837,0.24058447526658241,0.23578247215907508,0.25500001886094886,0.2688067461175641,0.22124804026787842,0.23579293255135886,0.21297077000821626,0.3065294095916053,0.28226291939950404,0.28708059319945756,0.14369748623974749,0.1940558980899728,0.19763632247064114,0.23847282378324963,0.2543206260138172,0.14387744559171672,0.23547474472176155,0.30513888870494615,0.25322153816550896,0.2686938595883631,0.26205795619257355,0.2746891370817939,0.25105252814345363,0.22766888814588346,0.2787332403663754,0.2519750005489692,0.21652961221249808,0.29444127634681116,0.27835179137920385,0.2560851252822015,0.2653684545235568,0.24459436144597335,0.2950364805693342,0.26698570643103237,0.2818438205500865,0.14660075904895395,0.299536719887461,0.23890725474025254,0.19582666467023896,0.19219074787981882,0.3363193884064238,0.2151740200862954,0.1912036291400221,0.2538445151827498,0.3083824291781375,0.2418129997241745,0.14369748623974749,0.2872472495334826,0.19833149061550215,0.18625322946656703,0.23578247215907508,0.2759080027776735,0.2692500236234696,0.29244977998975075,0.23766896594898315,0.19366909313923567,0.249485715329587,0.22864255526471422,0.13937346362145273,0.2080879315679186,0.17002515864504109,0.28708059319945756,0.179455857573257
10,0.2093421790249126,0.11774246154376096,0.20485124073511618,0.19204614140905701,0.25317325674989566,0.23930239620978133,0.2580645161290323,0.24699829926819095,0.23339355387727595,0.2207264022221388,1.0000000000000002,0.2547727962049057,0.22270605084248624,0.20045831802054578,0.21414958662814093,0.2427056465258688,0.2126383167809623,0.21111780638845115,0.2562554493280461,0.2827181258756995,0.18261764553237056,0.23326369046815804,0.2279470880550216,0.22389679279249636,0.21521912583625963,0.26450516544845765,0.23800905112740578,0.20800665631950505,0.2803244684540857,0.26075383420054826,0.2849839200462515,0.20836834439707663,0.2256851481114752,0.16971105832553268,0.23947373603569988,0.19837379285549603,0.24241128617279176,0.22161595104773274,0.18377831552808463,0.23315753412151424,0.20229397438441257,0.19204614140905701,0.2540577656628412,0.20484854631319027,0.2389213160703359,0.23600755236251536,0.2781907543813697,0.1920061442949278,0.181505940162697,0.20218495040754503,0.20579049243333933,0.22225529570341185,0.1289654294650604,0.22391692171381228,0.22411609476352443,0.24069636953279172,0.22596477912394208,0.21473327556698163,0.1962617530787952,0.2236347538415741,0.24670470672194147,0.21307786949069724,0.18632765639222756,0.21940342358345183,0.24974928197184657,0.23283356616701598,0.20367654864076848,0.2029361976278624,0.19893564048438248,0.2696121052395571,0.20314462096147315,0.2835873969068003,0.18820366590703694,0.21887899992487272,0.2823242945421717,0.15654887859474376,0.18100975584934176,0.2621408203705157,0.21185085653295044,0.2341927929276929,0.21832452004457226,0.26440219724237557,0.2827181258756995,0.1920061442949278,0.21767280417858018,0.20611669124638524,0.18665130505147653,0.18377831552808463,0.2580645161290323,0.24921381759790218,0.2279470880550216,0.27787308667671484,0.26836170460988895,0.1707446395868147,0.20722462550456508,0.19837379285549603,0.20679490177425178,0.2082526725572571,0.2781907543813697,0.17166488683990377
11,0.19554941318309332,0.1684229237317293,0.22433153548956652,0.2512779719194478,0.2323725460691461,0.25166309617792976,0.23978616113402895,0.25819171785460676,0.29276452246175966,0.2547635317839135,0.2547727962049057,1.0,0.293423233230676,0.3286943485834105,0.22385437394991095,0.24162336338112184,0.2248294973353423,0.2905688468130997,0.3057028987228821,0.35523337682668754,0.24521275621372018,0.27411481136322874,0.3003736165379566,0.28505273963570027,0.1821204999716206,0.26332567297944803,0.23497314697649646,0.2490258972939078,0.25921721455470825,0.27570361898585727,0.29407954833987215,0.17799619925470062,0.2044576747698562,0.102498927254267,0.2503261579990994,0.23369554879190763,0.2581779037258317,0.17225932894786522,0.2598015011065905,0.26902836823080567,0.16111351732325357,0.2512779719194478,0.2636876207035405,0.29781553504890784,0.26362363155490576,0.34845041598960974,0.25286760547076903,0.1672561996750127,0.1950017057382318,0.2079928041361811,0.19429874170273295,0.24697869437705486,0.21882179932639964,0.31720195135417917,0.283676955945667,0.22812114002032768,0.22276244367497708,0.2481884061494038,0.21137274875710965,0.18311935396308848,0.30765206637193687,0.3057134554265858,0.24916729145296423,0.2646303498664585,0.26341932731132434,0.23232211252626905,0.255488065153798,0.2638061978283453,0.26571512232203853,0.29288250154579903,0.23479425608876298,0.3451495788037667,0.18736442026810593,0.2186293087752268,0.25953693307419323,0.24546499315386894,0.16528927183474632,0.2435737463485377,0.23375432994347148,0.28437048314722774,0.2852731326850378,0.34059482121090506,0.35523337682668754,0.1672561996750127,0.229704277440535,0.2644250466915817,0.10116811229418939,0.2598015011065905,0.23978616113402895,0.3427732086742725,0.3003736165379566,0.20225017898610861,0.2649386397763833,0.24128177697459577,0.3263674871998951,0.23369554879190763,0.20910212984338702,0.2330824628411422,0.25286760547076903,0.23039769832485762
12,0.2969347968740407,0.2647210231115392,0.23676394015569244,0.29172411642330853,0.2637806257411426,0.31540412402438944,0.2714229994642801,0.23580389270799113,0.3927599463837893,0.22768764716936907,0.22270605084248624,0.293423233230676,0.9999999999999998,0.35870547513768986,0.35451166078755936,0.22441238808527778,0.21356054904431226,0.2732875501166845,0.3232837873200357,0.3632001342865071,0.2508090031848693,0.287153217967806,0.31385005414859646,0.28982967864235765,0.1940226472471388,0.32609177242114235,0.23963154411611182,0.2554520149116045,0.23726384463252645,0.29680271435710615,0.2908679377825194,0.2001210928741838,0.1947631112701193,0.11716660671033248,0.3132228043930686,0.27513288560938676,0.2901135604210824,0.1875735388617749,0.32965748690733343,0.3587175360391046,0.16366580349326848,0.29172411642330853,0.2623982092383938,0.40461608744010436,0.2963919986782284,0.29515063885057,0.270084050573087,0.10356162766686666,0.1811116187319751,0.1620197158353076,0.2234250908699527,0.2410499635982602,0.30122329311396173,0.3730110689487782,0.2930739028743587,0.30846061284029724,0.3174767226672488,0.2508488988774462,0.26560473418632924,0.17731291578072028,0.30534728619751095,0.32990810665904957,0.2574943332066171,0.36593996468425993,0.2009672746309489,0.2637233754690107,0.3559342484071871,0.3839412285202115,0.3218974914344579,0.3490071869501524,0.3014493217962509,0.36968310395268256,0.2131724684964132,0.2172229261865496,0.26048947679166823,0.32677187268774643,0.22219365921670484,0.19142017579269754,0.18853757180254177,0.39272693467351033,0.3576864939295695,0.3370772667658523,0.3632001342865071,0.10356162766686666,0.25359557092206697,0.31835726998350666,0.11409652938638412,0.32965748690733343,0.2714229994642801,0.42447635997800875,0.31385005414859646,0.2557872734459565,0.27139732007253103,0.2578628928601244,0.34067484510146795,0.27513288560938676,0.3516733325807414,0.2287334379847402,0.270084050573087,0.238677064623452
13,0.22468538465285204,0.20840310818416552,0.24960552745640824,0.2979954926318514,0.22572040770328605,0.2703772420213579,0.29086108889255663,0.275378897398009,0.3570107216392288,0.22188289965106095,0.20045831802054578,0.3286943485834105,0.35870547513768986,0.9999999999999999,0.31011157137395784,0.31262892678506715,0.24122532033850386,0.2855376909860007,0.35563620783186917,0.31316741525773134,0.24422324418788263,0.2842253055768386,0.31511679345084775,0.29589609428440006,0.2247758627059919,0.26704208546563607,0.2175055464621531,0.28854343371903407,0.2679991561285532,0.2695152923002392,0.3325538307455551,0.18673275037287337,0.24749195664211157,0.12407291674636628,0.24802326206836478,0.2313538118436576,0.27084999707910506,0.19317735349594373,0.2687145064945126,0.30179373795667974,0.17958525791064453,0.2979954926318515,0.24501527249973812,0.36149290565145753,0.29475795174885455,0.28659381592363525,0.2697003721142896,0.09358165417914618,0.1879859399580523,0.168930327088495,0.20383546718445836,0.2591010992236725,0.23776083450591956,0.3461892999090703,0.31766357682117263,0.24283734518971156,0.24981322979869064,0.2910019737416872,0.23913947614355044,0.17167041023834995,0.28161736868401277,0.3604267593741704,0.25771546920311156,0.29612709047112334,0.21713110916250733,0.25919974287213493,0.27994049520764636,0.3195516379622335,0.30905685511525455,0.3072579935905012,0.268052610046992,0.33580972411581095,0.21130284910614616,0.25603004262093804,0.23275183489584142,0.24892933126855896,0.23272391323219221,0.26535706631934636,0.21941420958767044,0.3216756044325799,0.2768295004587255,0.336810649507327,0.31316741525773134,0.09358165417914618,0.2273384958551374,0.3253500974365107,0.12129568697262454,0.2687145064945126,0.29086108889255663,0.33322699453234195,0.31511679345084775,0.23926363216548324,0.2902047411172106,0.270461859898562,0.9483803495203398,0.2313538118436576,0.22825864080123084,0.2352955262522633,0.2697003721142896,0.28354003755993634
14,0.3377698788267526,0.27531783427397233,0.2279008706546482,0.28820902734472464,0.20811984273430023,0.37660808774213544,0.2553321994412449,0.26487979984365484,0.3713095419383367,0.22191182115689312,0.21414958662814093,0.22385437394991095,0.35451166078755936,0.31011157137395784,0.9999999999999998,0.2257499209826593,0.2527451803357787,0.23448750623172748,0.30275361061585626,0.2756232470794055,0.2490626379227569,0.22772838375918092,0.29841871346376464,0.24736180046343212,0.19429588940706524,0.3216032650358336,0.19750696716167374,0.22469952600817758,0.23537447284569438,0.24106135344524787,0.25188082307583665,0.20594766839549555,0.20168639836984126,0.12133155381692702,0.2636893465873817,0.26772786044684876,0.25575649252954163,0.20893177186072928,0.2976355364563781,0.33670091756102377,0.18816145971981635,0.28820902734472464,0.23601321071705314,0.3760508148447887,0.2211406060804294,0.2359345023085865,0.25478531379931196,0.1103070400403781,0.18537724365356964,0.13274827220951357,0.19322977588740511,0.23466450875353267,0.322131783494334,0.34303920067980437,0.30480568287767296,0.30605851648304516,0.29973819274741154,0.26879249337297095,0.2870047763661462,0.20128156633379352,0.2652280226518761,0.2656275416913578,0.2044458540922767,0.319964718008174,0.211988949118741,0.23509735773300156,0.3369935737810382,0.33780141130280045,0.32699071794433787,0.3553392469295143,0.3188068157179815,0.2906558201270243,0.16990682642628385,0.19001531197188062,0.2162594492434517,0.31477925974679377,0.286867980504839,0.27802935233391907,0.20284629432026197,0.32072915397994867,0.31879331939915834,0.3099340841117434,0.2756232470794055,0.1103070400403781,0.200083953058057,0.25476846793240215,0.14297426474211672,0.2976355364563781,0.2553321994412449,0.33406963893671326,0.29841871346376464,0.2506898105663162,0.24410743151119638,0.2506804751188983,0.28572004480573204,0.26772786044684876,0.3168083826195354,0.2126944516942473,0.25478531379931196,0.21915786561832523
15,0.22979662921337035,0.11989347534518319,0.2883337842358297,0.2527576391226808,0.3119430855345834,0.2525350431841932,0.2831565876135136,0.3053059986083157,0.30103267458023786,0.31879851946794047,0.2427056465258688,0.24162336338112184,0.22441238808527778,0.31262892678506715,0.2257499209826593,0.9999999999999999,0.22067091374694822,0.2325906563333413,0.3034436045458958,0.2946681698746391,0.22979662921337038,0.23597268692283935,0.3073717742025919,0.29156045042473444,0.3056807497535841,0.22563535293396753,0.32688300215275734,0.2293063868300366,0.32448096491511547,0.30442954117128224,0.247405777326157,0.2600854649610036,0.26683279123193676,0.17025130615174972,0.2842078413387726,0.15229996215431016,0.3195463468746783,0.2748479213841829,0.24268236124602435,0.24649856935384384,0.2717918901926693,0.2527576391226808,0.2672612419124244,0.21638307218789576,0.3156524806436796,0.32246210647973894,0.3965137295255814,0.15478181111027467,0.21134719252209083,0.23801312212863118,0.22832692349673384,0.2840838887410918,0.13861711086741685,0.2722386013568673,0.27038537043242006,0.27423251027864026,0.3080376293682043,0.2983560823619452,0.31322855576472125,0.21633427838828,0.25586377497443563,0.3233286583518504,0.2381616376806332,0.21314809152766817,0.2539300526298384,0.27300945311597413,0.2232979484344118,0.2558759948989767,0.231642496500504,0.26848161922690394,0.24497560350862732,0.29622465495974415,0.20228869496966947,0.3372056406057453,0.32927905285899284,0.20191786295303113,0.19455639777828979,0.3756790049436719,0.31309523381685855,0.2517196156850933,0.2566635011696727,0.3014134989335912,0.2946681698746391,0.15478181111027467,0.2941252696525395,0.2265773711304347,0.1560378995210988,0.24268236124602435,0.28315658761351364,0.26434026631884044,0.3073717742025919,0.25220930319817386,0.26440856247456446,0.28038243365743676,0.31628110099107276,0.15229996215431016,0.23098780677235947,0.21705518068172794,0.3965137295255814,0.20501351710068852
16,0.1761624543769282,0.16903085094570333,0.15299372420468008,0.21915421836818796,0.24422405710929054,0.24329023992973992,0.21997067253202995,0.18527342263463423,0.19588084274975673,0.20695859104439143,0.2126383167809623,0.2248294973353423,0.21356054904431226,0.24122532033850386,0.2527451803357787,0.22067091374694822,1.0000000000000002,0.20154841020963446,0.20732210721568228,0.27457693178338344,0.20653529133846754,0.22456183015864994,0.21478869919880422,0.19378267243985214,0.2096569673443837,0.18323146698043785,0.17131723058681214,0.20367003088692623,0.23526867907001847,0.19620458863518908,0.2391792296806195,0.11917080461366747,0.20519567041703085,0.13887301496588272,0.16329931618554522,0.17392228912822433,0.2557509732362402,0.162746694241347,0.2363179084330129,0.1563858105428061,0.14779939172464399,0.21915421836818796,0.206418738616856,0.20230688136081698,0.23080703932272445,0.22367333749189222,0.26393155162954324,0.21821789023599242,0.15471318693881903,0.15756771943166706,0.1901250666892889,0.2375772569505218,0.16059101370939327,0.20525673147192122,0.23703748738968605,0.17726368436062545,0.17287858644065066,0.35714285714285715,0.1784435632438388,0.16774842736586515,0.20659846763533435,0.2507132682112035,0.19230478952816465,0.15536754116507773,0.24855514683254737,0.1804219591217581,0.19444444444444445,0.22886590702731033,0.20348403081991978,0.24333213169614382,0.1689343445998715,0.2614726611373648,0.16500572946507802,0.2388089256503974,0.19661566092456975,0.14411533842457844,0.17025130615174972,0.2566755791678991,0.2166945355543846,0.1790555498434561,0.20005410523567121,0.1912254276478536,0.27457693178338344,0.21821789023599242,0.17811967523279393,0.21721803209997959,0.14142135623730953,0.2363179084330129,0.21997067253202995,0.254911749434976,0.21478869919880422,0.24422405710929054,0.21349799846564654,0.20052233047947676,0.23174570176713083,0.17392228912822433,0.160370366446706,0.22377237111420634,0.26393155162954324,0.19076419329530642
17,0.2273736029743167,0.15208883609146515,0.19152572599692258,0.2500925069411863,0.2182299182305026,0.2477365977776008,0.2533413676661414,0.24247768692278068,0.2960960433505265,0.21668662339856096,0.21111780638845115,0.2905688468130997,0.2732875501166845,0.2855376909860007,0.23448750623172748,0.2325906563333413,0.20154841020963446,0.9999999999999998,0.2984674365045154,0.3406218898613673,0.2929621422938311,0.22899445168396168,0.2766674641077986,0.30433706147864836,0.21882586165560347,0.23081256793928984,0.22067224170184924,0.2356150117305256,0.2540251512786585,0.27804883299790545,0.27438793173682896,0.2177518255600254,0.23632492088258678,0.0777489871872012,0.27427264637930887,0.22720030195990557,0.2469548008356449,0.23429526779440685,0.2525806751827106,0.24765173316908873,0.12766599613737,0.2500925069411863,0.2387948453133601,0.2808456679704154,0.24920781343225548,0.31022643211185874,0.2790361917242785,0.14136900703831534,0.18560831467848185,0.11341972625646507,0.18247335682012814,0.2299814555632261,0.1871553332042146,0.277476126245675,0.2649151499873282,0.2646460279317519,0.23806052597541744,0.23136934845493753,0.19266973116395397,0.18661048391651291,0.2549362818590709,0.3240209407051907,0.24224202878187465,0.2775189711164141,0.17891390961972203,0.24415666775874367,0.2439375599759465,0.25668990869935265,0.26039290739557513,0.31138542410335995,0.22374694783712706,0.2940814685575801,0.1847591247175973,0.25784763915379494,0.22408449516416903,0.24589390346071727,0.23897166491945673,0.21775182556002542,0.19064239308060096,0.27867460548386513,0.2612131042824348,0.2910252437879689,0.3406218898613673,0.14136900703831534,0.23200510545384156,0.23913417542101298,0.09161758774067177,0.2525806751827106,0.2533413676661414,0.28006290929114797,0.2766674641077986,0.27884933996119776,0.25247300765175273,0.24677335446341958,0.264461546573631,0.22720030195990557,0.2587383628244528,0.24161231596558183,0.2790361917242785,0.24342217134092597
18,0.24468189608397692,0.19023794624226834,0.30339895149720114,0.2722964623503605,0.2544123501266723,0.2776805694336005,0.2519121366275707,0.3142740795682422,0.34228790226310474,0.30090687336265465,0.2562554493280461,0.3057028987228821,0.3232837873200357,0.35563620783186917,0.30275361061585626,0.3034436045458958,0.20732210721568228,0.2984674365045154,1.0,0.32875121389447004,0.24108363290627136,0.24017310070361866,0.33816353519737996,0.31305531422428423,0.2794276559718457,0.28830128362691365,0.30977973779872847,0.24128742845806084,0.32227263166891323,0.3050816157092513,0.2789276731853046,0.26064255645989165,0.2734817064582437,0.19194297398747862,0.27003838198539315,0.20986100011228825,0.2734278377241197,0.2685507175729784,0.21633681941176447,0.35818850957357856,0.27431958530758394,0.2722964623503605,0.2663780856520237,0.3309763209498696,0.3056055910250089,0.31345822179149874,0.30290789442514077,0.15511334686589626,0.1955075896698498,0.21778181081161752,0.23596648928761937,0.26204639872169494,0.23102005924745989,0.31433807368850086,0.3325473702050104,0.25667141988512066,0.2582372750725419,0.3004055022921111,0.2594475272392892,0.19873118539204565,0.29370808908129226,0.351022981788158,0.19120863337290064,0.35108423077334466,0.25083861723056544,0.2607694978216433,0.30275609307686935,0.2963589660322032,0.25445968985149375,0.3299147568598368,0.240163366652884,0.35171356407176585,0.19548191734491874,0.28291639821573483,0.2911626652463278,0.2149972596625784,0.19665393176521673,0.31494308905570245,0.23532440241230695,0.31245690774831403,0.2755856389010447,0.34628919768240907,0.32875121389447004,0.15511334686589626,0.2562361179180444,0.28004398406518066,0.13403325065334257,0.21633681941176447,0.2519121366275707,0.333782153980391,0.3381635351973798,0.244435395219744,0.3161632494873453,0.27587421853584587,0.30468199705902543,0.20986100011228825,0.26533143909766127,0.23451386128990756,0.30290789442514077,0.28249738953773323
19,0.22357441025308689,0.19256031114327865,0.29534223870876963,0.2747988049968445,0.26567481896646916,0.23573058420690607,0.29128534181132676,0.24599520274673073,0.32327833883526547,0.2418129997241745,0.2827181258756995,0.35523337682668754,0.3632001342865071,0.31316741525773134,0.2756232470794055,0.2946681698746391,0.27457693178338344,0.3406218898613673,0.32875121389447004,0.9999999999999998,0.28035521285704545,0.324331876509189,0.29719160026302655,0.28473790363633,0.21434508922500484,0.2575769493845469,0.23177485101800047,0.25496850536698695,0.2791860294445071,0.29372385796810047,0.2750934334452867,0.20886098227007163,0.2517408403330206,0.1171884734370968,0.2782513975211536,0.23708180115105842,0.3097551629582142,0.25127660404545094,0.22591373926770947,0.25581238487924113,0.16117794297555854,0.2747988049968445,0.3100914378164819,0.32079855698834153,0.2934729263549305,0.3378332696112577,0.29392556213319987,0.1657295284885415,0.1867944450296154,0.1764330854329786,0.20098788082400526,0.22972819113715073,0.21890930121571575,0.3451133419586208,0.34255276844790755,0.2838271374356612,0.28103443085097374,0.3046218240149998,0.265358145179042,0.18709029370401295,0.29656759322087856,0.34286887012137923,0.224691315216565,0.29583216407892265,0.2258782823516522,0.2866978843758261,0.31482225038993134,0.30161335767015607,0.28398308469578093,0.28115327286827063,0.30397289353245543,0.36597302835276607,0.20886098227007163,0.24414891202819455,0.2967322468854864,0.27752533670854823,0.17405828134405657,0.21957180187366504,0.2180235155921033,0.3392606566633894,0.31528491435569334,0.3319534033471947,1.0,0.1657295284885415,0.24775863179165783,0.30978560981909015,0.17350040080212578,0.22591373926770947,0.29128534181132676,0.3422571134989224,0.29719160026302655,0.24599520274673073,0.25836278654363687,0.27963978469636364,0.3070979869384608,0.23708180115105842,0.2939907768363991,0.2715145235871763,0.2939255621331998,0.21275984229638445
